"tom",41,"cedd 144 1 1 2 0 0 0 3 2 3 1 0 0 0 0 0 0 0 0 0 0 1 0 0 0 0 1 0 0 0 0 1 0 1 1 0 0 0 0 0 0 0 0 0 0 0 0 0 0 0 2 0 0 0 0 1 0 1 2 0 0 0 0 0 0 0 0 0 0 0 0 0 0 4 6 2 0 0 0 5 3 7 6 0 1 0 0 0 0 0 0 1 0 2 0 0 0 0 1 0 0 0 0 1 0 0 1 0 0 0 0 0 0 0 0 0 0 0 0 0 0 0 0 0 0 0 0 1 0 0 0 0 0 0 0 0 0 0 0 0 0 0 0 0 0",-118.2896766,34.0196077,1428690368000,0,"IMG_20150410_112608_1876538741.jpg",0,0,0,"Indoor",1.0855948080562785,315.0,-2.2457612,7.562086,6.518214,16.6,-28.4,-3.0,-131.54555020661869,-47.64503640455612,19.010685790497224,-118.2896891,34.0196072,24.570999145507813
"tom",43,"cedd 144 2 5 4 0 0 0 2 0 1 1 0 0 0 0 0 0 0 0 0 0 1 0 0 0 1 2 1 0 0 0 1 0 1 0 0 0 0 0 0 0 0 0 0 0 0 0 0 0 0 2 1 0 0 0 0 0 0 0 0 0 0 0 0 0 0 0 0 0 0 0 0 0 2 5 1 0 0 0 2 0 1 0 0 0 0 0 0 0 0 0 0 0 0 0 0 0 0 1 1 0 0 0 0 0 0 0 0 0 0 0 0 0 0 0 0 0 0 0 0 0 0 1 1 0 0 0 0 0 1 0 0 0 0 0 0 0 0 0 0 0 0 0 0 0",-118.2896858,34.0196287,1428690456000,0,"IMG_20150410_112736_-813240537.jpg",0,0,0,"Indoor",1.0855948080562785,318.0,0.8182184,8.526949,5.2744265,12.2,-30.0,7.6,-155.47376558630268,-57.95515914536618,-8.8179705864251,-118.2896891,34.0196072,24.570999145507813
"tom",44,"cedd 144 2 2 1 0 0 0 0 0 1 0 0 0 0 0 0 0 0 0 0 0 0 0 0 0 1 4 0 0 0 0 2 0 1 0 0 0 0 0 0 0 0 0 0 0 0 0 0 0 2 7 0 0 0 0 3 0 1 1 0 0 0 0 0 0 0 0 0 0 0 0 0 0 3 7 2 0 0 0 2 0 2 0 0 0 0 0 0 0 0 1 0 0 0 0 0 0 0 3 0 0 0 0 1 0 1 0 0 0 0 0 0 0 0 0 0 0 0 0 0 0 1 3 0 0 0 0 1 0 0 0 0 0 0 0 0 0 0 0 0 0 0 0 0 0",-118.2896855,34.0196243,1428690468000,0,"IMG_20150410_112748_1898272785.jpg",0,0,0,"Indoor",1.0855948080562785,82.0,-3.2363622,4.0479965,8.407838,18.0,-19.7,-12.0,-130.6690866719443,-24.19523479509649,21.052816729682654,-118.2896891,34.0196072,24.570999145507813
"tom",45,"cedd 144 1 1 7 0 0 0 0 0 6 0 0 0 0 0 0 0 0 0 0 0 0 0 0 0 0 0 0 0 0 0 0 0 0 0 0 0 0 0 0 0 0 0 0 0 0 0 0 0 0 0 1 0 0 0 0 0 1 0 0 0 0 0 0 0 0 0 0 0 0 0 0 0 1 3 4 0 0 0 0 0 3 0 0 0 0 0 0 0 0 0 0 0 0 0 0 0 0 0 0 0 0 0 0 0 0 0 0 0 0 0 0 0 0 0 0 0 0 0 0 0 0 0 0 0 0 0 0 0 0 0 0 0 0 0 0 0 0 0 0 0 0 0 0 0",-118.2896803,34.0195914,1428690481000,0,"IMG_20150410_112801_-1032181117.jpg",0,0,0,"Indoor",1.0855948080562785,66.0,-2.247557,6.6085954,6.779182,13.0,-24.0,-3.4,-138.29257499329736,-42.77834903600362,18.342324459454794,-118.2896891,34.0196072,24.570999145507813
"tom",47,"cedd 144 1 3 3 0 0 0 4 0 1 0 0 0 0 0 0 0 0 1 0 0 2 0 0 0 0 2 1 0 0 0 1 0 0 0 0 0 0 0 0 0 0 0 0 0 1 0 0 0 0 2 1 0 0 0 2 0 1 0 0 0 0 0 0 0 0 0 1 0 1 0 0 0 3 5 2 0 0 0 5 1 3 0 0 0 0 0 0 0 0 1 1 0 1 0 0 0 0 1 1 0 0 0 1 0 0 0 0 0 0 0 0 0 0 0 0 0 1 0 0 0 0 1 0 0 0 0 2 0 0 0 0 0 0 0 0 0 0 0 0 0 0 0 0 0",-118.2896837,34.0196088,1428690882000,0,"IMG_20150410_113442_-18523384.jpg",0,0,0,"Indoor",1.0855948080562785,320.0,0.41299978,7.6788034,4.8961425,8.7,-46.1,10.0,-166.98024377156466,-57.3855486893438,-4.82160385116219,-118.2896891,34.0196072,24.570999145507813
"tom",50,"cedd 144 3 3 2 0 0 0 2 0 1 0 0 0 0 0 0 0 0 0 0 0 0 0 0 0 0 3 1 0 0 0 1 0 1 0 0 0 0 0 0 0 0 0 0 0 0 0 0 0 4 7 2 0 0 0 2 0 2 1 0 0 0 0 0 0 0 0 0 0 0 0 0 0 2 6 4 1 0 1 2 0 2 0 0 0 0 0 0 0 0 0 0 0 1 0 0 0 0 2 1 0 0 0 1 0 1 0 0 0 0 0 0 0 0 0 0 0 0 0 0 0 0 2 1 0 0 0 0 0 0 0 0 0 0 0 0 0 0 0 0 0 0 0 0 0",-118.2896837,34.0196226,1428702756000,5033557,"IMG_20150410_145224_-695118956.jpg",0,0,0,"Indoor",1.0855948080562785,178.0,0.17357962,7.701548,6.001665,9.5,-33.8,6.2,-160.2052015489106,-52.05980089158015,-1.6566414657322597,-118.2896874,34.0196059,24.503000259399414
"tom",51,"cedd 144 0 0 2 0 0 0 1 0 3 0 0 0 0 0 0 0 0 0 0 0 0 0 0 0 0 1 1 0 0 0 2 1 3 0 0 0 0 0 0 0 0 0 1 0 1 0 0 0 0 1 1 0 0 0 2 1 4 0 0 0 0 0 0 0 0 0 1 0 1 0 0 0 1 2 2 0 0 0 6 4 7 1 0 1 0 0 0 0 0 0 1 0 2 0 0 0 0 1 0 0 0 0 1 1 3 0 0 0 0 0 0 0 0 0 0 0 0 0 0 0 0 1 1 0 0 0 1 1 3 0 0 0 0 0 0 0 0 0 0 0 0 0 0 0",-118.2896837,34.0196226,1428702769000,6329693,"IMG_20150410_145241_1922857467.jpg",0,0,0,"Indoor",1.0855948080562785,332.0,3.1675289,6.5984197,5.8346696,-9.2,-28.9,12.2,150.87822306742135,-44.82426048489466,-28.49667619850625,-118.2896892,34.0195981,30.0
"tom",52,"cedd 144 1 2 1 0 0 0 2 2 4 0 0 0 0 0 0 0 0 0 0 0 0 0 0 0 0 2 0 0 0 0 1 1 2 0 0 0 0 0 0 0 0 0 0 0 0 0 0 0 1 7 2 0 0 0 4 3 7 0 0 0 1 0 0 0 0 0 0 0 0 0 0 0 1 6 0 0 0 0 2 0 3 0 0 0 0 0 0 0 0 0 0 0 0 0 0 0 0 1 0 0 0 0 0 0 1 0 0 0 0 0 0 0 0 0 0 0 0 0 0 0 0 1 0 0 0 0 1 0 1 0 0 0 0 0 0 0 0 0 0 0 0 0 0 0",-118.2896837,34.0196226,1428702782000,4086195,"IMG_20150410_145257_-2019826916.jpg",0,0,0,"Indoor",1.0855948080562785,36.0,6.505046,-0.12629414,7.0742674,-22.1,-10.6,6.2,117.68157758781344,0.7528991160082045,-42.59966445712692,-118.2896674,34.0196135,25.725000381469727
"tom",55,"cedd 144 1 2 2 0 0 0 1 1 4 0 0 0 0 0 0 1 0 0 0 0 0 0 0 0 0 1 0 0 0 0 1 1 3 0 0 0 0 0 0 0 0 0 0 0 0 0 0 0 0 4 2 0 0 0 3 2 7 0 0 0 0 0 0 0 0 0 0 0 0 0 0 0 3 7 2 0 0 0 1 0 2 0 0 0 1 0 0 1 0 1 0 0 1 0 0 0 0 1 0 0 0 0 0 0 2 0 0 0 0 0 0 0 0 0 0 0 0 0 0 0 0 1 0 0 0 0 0 0 2 0 0 0 0 0 0 0 0 0 0 0 0 0 0 0",-118.2897055,34.0195768,1428704321000,0,"IMG_20150410_151841_186319066.jpg",0,0,0,"Indoor",1.0855948080562785,84.0,-2.4073699,5.763442,8.008605,14.4,-38.1,10.7,-154.15817552950986,-34.57430146538866,16.730666192709418,-118.2896674,34.0196135,25.725000381469727
"tom",57,"cedd 144 4 2 2 0 0 1 2 1 1 0 0 0 0 0 0 0 0 0 0 0 1 0 0 0 1 3 1 0 0 0 1 0 1 0 0 0 0 0 0 0 0 0 0 0 1 0 0 0 1 3 1 0 0 0 1 0 1 0 0 0 0 0 0 0 0 0 0 0 1 0 0 0 2 7 3 0 0 1 3 1 4 0 0 0 0 0 0 0 0 0 1 0 3 0 0 0 0 2 1 0 0 0 0 0 1 0 0 0 0 0 0 0 0 0 0 0 0 0 0 0 0 2 1 0 0 0 0 0 1 0 0 0 0 0 0 0 0 0 0 0 0 0 0 0",-118.2896687,34.0196145,1428708478000,0,"IMG_20150410_162758_-695118956.jpg",0,0,0,"Indoor",1.0855948080562785,295.0,0.19692309,8.306683,5.294777,10.8,-33.5,11.5,-159.7145890608286,-57.46813250659842,-2.1299603417226263,-118.2897234,34.0194996,21.256999969482422
"tom",59,"cedd 144 3 2 0 0 0 0 5 1 1 2 0 0 0 0 0 0 0 0 0 0 0 0 0 0 0 0 0 0 0 0 2 1 2 0 0 0 0 0 0 0 0 0 0 0 0 0 0 0 1 1 0 0 0 0 3 1 3 0 0 0 0 0 0 0 0 0 0 0 0 0 0 0 3 2 0 0 0 0 6 2 5 2 0 1 0 0 0 0 0 0 0 0 0 0 0 0 0 0 0 0 0 0 2 1 2 1 0 0 0 0 0 0 0 0 0 0 0 0 0 0 0 0 0 0 0 0 1 1 1 0 0 0 0 0 0 0 0 0 0 0 0 0 0 0",-118.27890209513397,34.0331180850181,1428722539000,5014523,"IMG_20150410_202211_-695118956.jpg",0,0,0,"Indoor",1.0855948080562785,9.0,-0.08140286,7.9547353,5.751471,-15.9,-8.9,-38.2,32.752730994881276,-54.129413096891135,0.8108759494782413,0.0,0.0,0.0
