"bob",1,"cedd 144 2 6 0 0 0 0 0 0 1 0 0 0 2 0 1 2 0 0 0 0 0 0 0 0 0 2 0 0 0 0 0 0 1 0 0 0 0 0 0 1 0 1 0 0 0 0 0 0 1 5 1 0 0 0 1 0 2 0 0 0 0 0 0 4 1 3 0 0 0 0 0 0 0 1 0 0 0 0 0 0 0 0 0 0 0 0 0 2 0 1 1 0 0 0 0 0 0 1 0 0 0 0 0 0 0 0 0 0 0 0 0 1 0 0 0 0 0 0 0 0 0 1 0 0 0 0 0 0 0 0 0 0 0 0 0 1 0 0 0 0 0 0 0 0",-118.2896663,34.0197037,1428537991000,1045095,"IMG_20150408_170624_512882221.jpg",0,0,0,"Indoor",0.9564404167770872,215.31781,-2.108216,9.082513,3.6398308,-9.724167,-47.570374,-63.52112,57.68191059743065,-65.15018286989516,30.079729633007613,-118.2896452,34.0196858,20.541000366210938
"bob",2,"cedd 144 3 5 3 0 0 0 0 0 0 2 0 2 1 0 0 0 0 1 0 0 0 0 0 0 0 2 1 0 0 0 0 0 0 0 0 1 0 0 0 0 0 1 0 0 0 0 0 0 1 6 4 0 0 0 0 0 0 2 0 1 1 0 1 0 0 2 0 0 1 0 0 0 0 3 1 0 0 0 0 0 0 0 0 0 0 0 0 0 0 1 0 0 0 0 0 0 0 1 0 0 0 0 0 0 0 0 0 0 0 0 0 0 0 0 0 0 0 0 0 0 0 1 1 0 0 0 0 0 0 0 0 0 0 0 0 0 0 0 0 0 0 0 0 0",-118.2896663,34.0197037,1428537998000,996629,"IMG_20150408_170633_-768320207.jpg",0,0,0,"Indoor",0.9564404167770872,136.30814,-2.9129424,9.504036,1.7621356,-8.399979,-47.576416,-55.039413,85.5436592408817,-70.29186048462155,58.828863283615874,-118.2896452,34.0196858,20.541000366210938
"bob",21,"cedd 144 1 1 2 0 0 0 1 1 2 3 1 2 0 0 0 0 0 0 0 0 0 0 0 0 0 1 0 0 0 0 0 0 1 1 0 1 0 0 0 0 0 0 0 0 0 0 0 0 2 5 4 0 0 0 1 2 5 4 1 5 0 0 1 2 0 1 3 0 2 0 0 0 1 2 0 0 0 0 0 0 0 1 0 1 0 0 1 1 0 1 2 0 1 0 0 0 0 0 0 0 0 0 0 0 0 0 0 0 0 0 0 0 0 0 0 0 0 0 0 0 0 1 0 0 0 0 0 0 0 0 0 0 0 0 0 0 0 0 0 0 0 0 0 0",-118.2896712,34.0197031,1428538096000,0,"IMG_20150408_170816_-2038232834.jpg",0,0,0,"Indoor",0.9564404167770872,244.95343,-1.1885284,7.358099,7.1653,-9.099991,-47.59532,-73.2995,51.025676100294376,-45.37185724122209,9.418060761618666,-118.2896387,34.0196912,21.195999145507813
"bob",22,"cedd 144 2 4 5 0 0 0 0 0 0 0 0 2 0 0 3 0 0 0 1 0 0 0 0 0 0 1 1 0 0 0 0 0 0 0 0 0 0 0 0 0 0 0 0 0 0 0 0 0 1 4 4 0 0 0 0 0 0 0 0 1 0 0 2 0 0 1 2 0 1 0 0 0 0 3 2 0 0 0 0 0 0 0 0 0 0 0 1 0 0 1 0 0 0 0 0 0 0 1 1 0 0 0 0 0 0 0 0 0 0 0 0 0 0 0 0 0 0 0 0 0 0 1 0 0 0 0 0 0 0 0 0 0 0 0 0 0 0 0 0 0 0 0 0 0",-118.2896474,34.0197067,1428538104000,0,"IMG_20150408_170824_-944174851.jpg",0,0,0,"Indoor",0.9564404167770872,147.96548,-2.3381379,9.312435,2.6435027,-5.299164,-50.820053,-57.81346,65.57006191893252,-69.24462856031852,41.49227222661441,-118.2896474,34.0197067,22.2810001373291
"bob",24,"cedd 144 1 3 1 0 0 0 0 0 0 0 0 0 3 0 2 5 1 1 0 0 0 0 0 0 0 0 1 0 0 0 0 0 0 0 0 0 0 0 1 1 0 1 0 0 0 0 0 0 0 1 3 0 0 0 0 0 0 0 0 0 1 0 3 4 0 6 0 0 0 0 0 0 0 0 1 0 0 0 0 0 0 0 0 0 0 0 1 1 0 2 0 0 0 0 0 0 0 0 0 0 0 0 0 0 0 0 0 0 0 0 0 0 0 1 0 0 0 0 0 0 0 0 0 0 0 0 0 0 0 0 0 0 0 0 0 0 0 1 0 0 0 0 0 0",-118.2787728,34.0331886,1428552624000,0,"IMG_20150408_211024_-1955901479.jpg",0,0,0,"Indoor",0.9564404167770872,34.178734,0.459245,4.0242314,9.349558,-19.0,-68.223526,-18.708237,161.80041955032377,-23.262924218673504,-2.812075966206167,-118.2787798,34.033177,20.0
"bob",25,"cedd 144 2 4 2 0 0 0 1 0 1 1 0 1 0 0 0 0 0 0 0 0 1 0 0 0 0 3 1 0 0 0 1 0 0 0 0 0 0 0 0 0 0 0 0 0 1 0 0 0 1 7 4 0 0 0 2 0 2 2 0 4 0 0 0 0 0 1 0 0 1 0 0 0 0 5 1 0 0 0 1 0 0 0 0 0 0 0 0 0 0 1 0 0 1 0 0 0 0 2 0 0 0 0 0 0 0 0 0 0 0 0 0 0 0 0 0 0 0 0 0 0 0 2 0 0 0 0 0 0 0 0 0 0 0 0 0 0 0 0 0 0 1 0 0 0",-118.2787694,34.033178,1428552650000,0,"IMG_20150408_211050_1177233399.jpg",0,0,0,"Indoor",0.9564404167770872,14.524321,0.22932312,8.890911,4.78944,-15.099991,-82.083115,-13.2374115,151.5690830415898,-61.66172522301368,-2.7412848974403934,-118.2787638,34.033179,20.0
"bob",28,"cedd 144 3 2 3 0 1 0 2 0 0 2 0 0 0 0 0 0 0 1 0 0 4 0 0 0 1 1 1 0 0 0 0 0 0 0 0 0 0 0 0 0 0 0 0 0 1 0 0 0 2 4 2 0 1 1 2 0 1 1 0 0 0 0 0 1 0 1 0 0 3 0 0 0 0 0 0 0 1 1 0 0 0 0 0 0 0 0 0 0 0 0 0 0 1 0 0 0 1 1 0 0 0 0 0 0 0 0 0 0 0 0 0 0 0 0 0 0 1 0 0 0 0 0 0 0 0 0 0 0 0 0 0 0 0 0 0 0 0 0 0 0 0 0 0 0",-118.2896816,34.0196632,1428618221000,1000750,"IMG_20150409_152334_-2082493906.jpg",0,0,0,"Indoor",0.9564404167770872,149.71028,-1.3034893,8.431067,4.252956,14.248871,-28.815918,-2.419098,-120.83056800275611,-62.18389318506116,17.03979030926044,0.0,0.0,0.0
"bob",29,"cedd 144 0 0 1 0 0 0 1 1 3 0 0 1 0 0 0 1 0 0 0 0 1 0 0 0 0 1 0 0 0 0 0 0 1 0 0 1 0 0 0 0 0 0 1 1 2 0 0 0 1 3 3 0 0 0 1 1 5 1 1 3 1 0 2 3 1 3 5 3 6 0 0 0 1 1 1 0 0 0 0 0 0 0 0 0 0 0 1 2 0 1 2 0 1 0 0 0 0 0 0 0 0 0 0 0 1 0 0 0 0 0 0 0 0 0 0 0 1 0 0 0 0 0 0 0 0 0 0 0 1 0 0 0 0 0 0 0 0 0 1 0 1 0 0 0",-118.2896816,34.0196632,1428618230000,1162219,"IMG_20150409_152344_1044268034.jpg",0,0,0,"Indoor",0.9564404167770872,106.56284,-2.9512627,10.193802,-0.92028624,17.048874,-30.457687,14.275909,-38.37045913437921,-73.12929865076327,107.31893752247515,0.0,0.0,0.0
"bob",32,"cedd 144 3 5 3 0 0 0 0 0 1 2 0 1 0 0 1 0 0 2 0 0 1 0 0 0 0 1 1 0 0 0 0 0 1 0 0 0 0 0 0 0 0 0 0 0 0 0 0 0 2 5 2 0 0 0 1 0 1 1 0 1 1 0 1 0 0 0 0 0 0 0 0 0 1 6 2 0 0 0 0 0 1 0 0 0 0 0 1 0 0 1 1 0 1 0 0 0 0 1 1 0 0 0 0 0 0 0 0 0 0 0 0 0 0 0 0 0 0 0 0 0 0 0 0 0 0 0 0 0 0 0 0 0 0 0 0 0 0 0 0 0 0 0 0 0",-118.2896754,34.0196598,1428618409000,0,"IMG_20150409_152649_249987595.jpg",0,0,0,"Indoor",0.9564404167770872,182.72694,4.137995,7.4347396,4.3295965,-3.0732574,-30.264542,-1.6733856,176.28036594923742,-51.14695976938629,-43.70375087608114,-118.2896687,34.0196603,30.0
"bob",33,"cedd 144 1 3 1 0 0 0 1 0 3 0 0 2 0 0 1 3 0 1 0 0 1 0 0 0 0 1 0 0 0 0 0 0 1 0 0 0 0 0 0 1 0 0 0 0 0 0 0 0 1 5 1 0 0 0 1 0 3 0 0 1 1 0 1 5 0 2 1 1 3 0 0 0 0 2 1 0 0 0 0 0 0 0 0 0 0 0 0 2 0 1 1 0 2 0 0 0 0 1 0 0 0 0 0 0 0 0 0 0 0 0 0 1 0 0 0 0 0 0 0 0 0 1 0 0 0 0 0 0 0 0 0 0 0 0 0 1 0 0 0 0 0 0 0 0",-118.2896646,34.019657,1428618428000,0,"IMG_20150409_152708_1793702091.jpg",0,0,0,"Indoor",0.9564404167770872,262.80338,-0.65204406,8.316107,4.9427214,13.604248,-28.805557,-6.096695,-122.55381106997199,-59.05711454529936,7.515067606015562,-118.2896783,34.019658,30.0
"bob",36,"cedd 144 1 3 1 0 0 0 0 0 4 1 0 2 0 0 0 1 0 0 1 0 0 0 0 0 1 1 1 0 0 0 0 0 1 0 0 0 0 0 0 0 0 0 1 0 0 0 0 0 3 6 4 0 0 0 1 0 2 1 0 2 0 0 1 2 0 1 4 0 1 0 0 0 1 4 3 0 0 0 0 0 1 0 0 1 0 0 0 1 0 0 2 0 0 0 0 0 0 1 0 0 0 0 0 0 0 0 0 0 0 0 0 0 0 0 0 0 0 0 0 0 0 1 1 0 0 0 0 0 0 0 0 0 0 0 0 0 0 0 0 0 0 0 0 0",-118.2896754,34.0196477,1428686636000,1103947,"IMG_20150410_102345_-1199998619.jpg",0,0,0,"Indoor",0.9564404167770872,170.3159,0.11436218,8.124505,5.900729,14.248871,-55.35855,-9.556885,-150.03203093114846,-54.00443429545824,-1.1103119229392762,0.0,0.0,0.0
"bob",37,"cedd 144 2 0 0 0 0 0 3 2 6 0 0 1 0 0 0 0 0 0 0 0 0 0 0 0 1 1 0 0 0 0 1 0 1 0 0 0 0 0 0 0 0 0 0 0 0 0 0 0 4 4 1 0 0 0 3 1 5 1 0 1 0 0 0 1 0 1 2 0 0 0 0 0 1 1 1 0 0 0 0 0 3 0 0 0 0 0 0 0 0 0 0 0 0 0 0 0 0 0 0 0 0 0 0 0 1 0 0 0 0 0 0 0 0 0 0 0 0 0 0 0 0 0 0 0 0 0 0 0 1 0 0 0 0 0 0 0 0 0 0 0 0 0 0 0",-118.2896754,34.0196477,1428686644000,1005589,"IMG_20150410_102359_1635695650.jpg",0,0,0,"Indoor",0.9564404167770872,176.41231,-0.19220032,9.733958,2.9500654,9.848877,-58.94713,2.4502716,-152.09295855092978,-73.10582329058593,3.7276209895377104,-118.2896747,34.0196593,30.0
